0687608714
0642854603
0656077683
0677842372
0667808428
0644812056
0632224645
0612114108
0608323108
0627674665
0632226657
0637115107
0612661868
0654326473
0681184426
0633773533
0608370148
0605856480
0616162805
0617188341
0606726346
0628146607
0616287210
0631678143
0643056873
0605180654
0682018040
0656637538
0638333502
0664473477
0652063424
0624804657
0638807317
0631453620
0620864065
0682604134
0682361888
0672788566
0610253543
0635378106
0636441762
0631634831
0612437548
0613807118
0677022532
0646326541
0635850168
0665772131
0650356851
0677524687
0654448274
0672731555
0660551006
0600147027
0654043423
0676611585
0656320551
0661847840
0667170000
0656443144
0600158767
0676215817
0624202170
0686165762
0607216351
0684582470
0686524044
0681506313
0678751888
0662544301
0614628080
0631627555
0607070152
0657067472
0602288503
0655587014
0618623278
0612581504
0632308817
0674536213
0646016604
0674841655
0660044601
0662205076
0687235835
0682677244
0641184388
0648717116
0661204106
0664556480
0623186772
0620730778
0603321836
0637228253
0616163810
0682186705
0683104781
0675055157
0616404871
0686174161
0612050485
0630541413
0621182801
0620066652
0603101485
0642338842
0686707373
0617606286
0683011340
0642752153
0628084155
0647355140
0652558353
0607881058
0611150043
0683032420
0675553728
0636053126
0616317118
0603231467
0686571328
0682581503
0632713840
0647076556
0623871577
0633437652
0663288124
0658533660
0602027362
0657076162
0615436014
0643412801
0601140620
0648587762
0661851263
0604827820
0612368758
0643880471
0648625534
0656667818
0625086700
0648638031
0661482373
0668272005
0673236250
0602022454
0687105805
0664670682
0680725652
0638756373
0668663645
0670734317
0652461441
0672581410
0600514882
0624828766
0658714043
0678723666
0635462816
0644488264
0600122265
0611250620
0661686373
0657344288
0607085863
0616846508
0631566482
0634250676
0625002738
0674731312
0637805646
0678546661
0635523734
0638816065
0683102737
0605230416
0656336306
0672400284
0667848212
0662573080
0666805432
0658665468
0652124474
0687682733
0642686884
0626244784
0674668152
0676517328
0657184783
0660447624
0681541664
0688083113
0642547454
0643076315
0661437276
0604230412
0666632118
0618828661
0610777117
0664345284
